[
  (2, 3, 14, 10, 8, 5, 12)(4, 16, 11, 9, 15, 7)(6, 13),
  (2, 3, 16, 7)(4, 14, 10, 6, 15, 5, 8, 9, 13, 12),
  (2, 3, 16, 11, 7)(4, 14, 6, 15, 9, 13, 8, 5, 12),
  (2, 4, 16, 7, 3, 13, 10, 5, 8, 9, 15, 6, 14, 11, 12),
  (2, 4, 16, 11, 8, 5, 12)(3, 13, 6, 14, 7)(9, 15, 10),
  (2, 4, 16, 6, 15, 7)(3, 13, 11, 12, 9, 8)(5, 14, 10),
  (2, 4, 16, 7, 3, 13, 10, 5, 15, 6, 14, 11, 12, 9, 8),
  (2, 4, 14, 13, 8, 6, 12, 3, 15)(5, 9, 16, 11, 10),
  (2, 4, 14, 13, 8, 3, 15)(5, 16, 11, 12, 6, 10, 7),
  (2, 4, 14, 10, 7)(3, 15, 5, 16, 8)(6, 13, 11, 12, 9),
  (2, 4, 14, 6, 13, 7)(3, 15, 9, 10, 11, 8)(5, 16, 12),
  (2, 4, 13, 12, 11, 10, 6, 15, 5, 14, 9, 7, 3, 16, 8),
  (2, 5, 14, 10, 8, 3, 12)(4, 16, 13)(6, 11, 9, 15, 7),
  (2, 5, 10, 11, 6, 14, 4, 12)(3, 16, 13, 8, 7)(9, 15),
  (2, 6, 15, 7)(3, 11, 14, 10)(4, 16)(5, 12, 9, 8),
  (2, 6, 10, 7, 8, 3, 12)(4, 15, 5, 13)(9, 16, 14, 11),
  (2, 6, 9, 13, 4, 15, 5, 16, 14, 11, 10, 8)(3, 12),
  (2, 7, 8)(3, 10, 4, 16, 11, 13, 6, 9, 12, 5, 15),
  (2, 7, 4, 10, 12, 3, 16, 15, 9, 14)(5, 11)(6, 13, 8),
  (2, 8, 7)(3, 13, 15)(4, 12, 9)(5, 14, 10)(6, 11, 16),
  (2, 8, 10)(3, 14, 9, 13, 16, 6, 15)(4, 11, 12, 7, 5),
  (2, 8)(3, 14)(4, 11)(5, 12)(6, 13)(9, 15),
  (2, 9, 4, 8)(3, 16, 11, 10, 7, 5, 15)(6, 12, 13, 14),
  (2, 11, 15, 4, 16, 10)(3, 6, 8, 5, 12)(7, 9, 14, 13),
  (2, 11, 12, 9, 8)(3, 6, 14, 4, 16, 7)(5, 15, 13, 10),
  (2, 12)(3, 5, 10, 6, 13, 8, 7, 4, 16, 9, 15, 14),
  (2, 12)(3, 6, 10, 7, 8)(4, 15, 11, 9, 16, 14, 5, 13),
  (2, 12, 3, 15)(4, 6, 9, 10, 8, 14, 5, 7)(11, 13, 16),
  (2, 13, 16, 9)(3, 12, 11, 14, 4, 8, 6, 10, 7)(5, 15),
  (2, 14, 3, 11, 13, 10, 12)(4, 8, 9, 7)(5, 16, 15, 6),
  (1, 2, 3, 13, 11, 12, 9, 7)(4, 16, 5, 14, 10, 6, 15, 8),
  (1, 2, 4, 15, 8, 3, 13, 11, 12, 10, 7)(5, 16, 6, 14, 9),
  (1, 2, 5, 15, 10, 9, 14, 8)(3, 11, 7, 6, 12, 4, 16, 13),
  (1, 2, 5, 14, 4, 15, 13, 7, 3, 12, 8)(6, 16, 10, 9, 11),
  (1, 2, 8, 3, 11, 4, 13, 7, 5, 10, 9, 15, 14)(6, 16, 12),
  (1, 2, 9, 6, 14, 8)(3, 7, 4, 16, 5, 15, 10)(11, 13),
  (1, 2, 9, 5, 16, 6, 14, 4, 15, 13, 11, 12, 10, 7)(3, 8),
  (1, 2, 9, 5, 12, 4, 7)(3, 16, 10, 11, 14, 6, 8, 13, 15),
  (1, 2, 9, 4, 7)(3, 16, 10, 11, 14, 6, 8, 12, 5, 13, 15),
  (1, 2, 10, 5, 13, 16, 9, 3, 15)(4, 7, 6, 11, 12, 14, 8),
  (1, 2, 11, 12, 7, 5, 3, 8, 10)(4, 13, 15, 9, 14, 6, 16),
  (1, 2, 11, 16, 4, 13, 15, 9, 10, 5, 7)(3, 8, 14, 6, 12),
  (1, 2, 14, 4, 7, 8, 12, 6, 13, 16, 9, 15, 5)(3, 11, 10),
  (1, 2, 14, 3, 11, 9, 5, 12, 16, 10, 4, 7, 8)(6, 13, 15),
  (1, 2, 14, 3, 11, 13, 15, 6, 9)(4, 7)(5, 16, 10, 8),
  (1, 2, 14, 4, 3, 15)(6, 9, 11, 10, 7, 8, 12)(13, 16),
  (1, 3, 15, 4, 6, 7, 2, 10, 12)(5, 9, 8, 16, 11, 13, 14),
  (1, 4, 11, 8, 7, 9, 15, 3, 14, 12, 10)(2, 5)(6, 16),
  (1, 4, 9)(2, 6, 10, 7, 5, 16, 8, 3, 15)(11, 12, 14),
  (1, 5, 9, 8, 6, 15, 7, 4, 16)(2, 3, 10)(11, 13, 12)
]