[
  161815890602,
  173634649702,
  173794197846,
  242607613576,
  242767161720,
  242810281391,
  242850561064,
  254619990394,
  254815124194,
  254825228830,
  254825251566,
  260533698934,
  323755445162,
  347109758166,
  404633069231,
  410411914922,
  410487711482,
  485691319234,
  520505066430,
  590039418910,
  595512439750,
  595749201990,
  694542529052,
  815600167810,
  815736475261,
  896521325527,
  902346558120,
  948602010044,
  1024530476250,
  1105507567932,
  1463306353871,
  1550045550215,
  1625242669464,
  1630957298575,
  1885188168871,
  1955281638957,
  1961028928621,
  2001606418604,
  2001646330364,
  2082606146372,
  2134029290949,
  2134177382781,
  2412282812226,
  2412602247954,
  2412713723610,
  2429116812428,
  3389670041540,
  4256965394950,
  4349796556078,
  5454667830785
]