242767161720
323755445162
595512439750
2001606418604
2082606146372
2134029290949
3389670041540
815600167810
815736475261
1550045550215
1630957298575
2001646330364
2134177382781
173794197846
254619990394
161815890602
1955281638957
2429116812428
347109758166
902346558120
1885188168871
2412282812226
2412602247954
1024530476250
2412713723610
485691319234
520505066430
410411914922
694542529052
1105507567932
948602010044
4256965394950
173634649702
242607613576
242850561064
260533698934
1961028928621
410487711482
896521325527
4349796556078
5454667830785
1463306353871
1625242669464
254815124194
242810281391
254825251566
254825228830
404633069231
590039418910
595749201990
