[
  161736137050,
  242810304127,
  248591691154,
  254785684054,
  260573270670,
  323795310274,
  347029947190,
  404623685314,
  404663561794,
  404712839911,
  433964672910,
  485461414007,
  485697863160,
  485704389991,
  497040846751,
  508972721614,
  509164635550,
  520548871414,
  520548894150,
  520624385854,
  566612500271,
  577988851231,
  578101679944,
  601496898630,
  694311040982,
  734545511925,
  734775428520,
  740210845581,
  775262312100,
  775481986724,
  815493516405,
  815679927122,
  902422354680,
  908088004562,
  913871984882,
  937002039428,
  942789607532,
  948837757356,
  977542585090,
  1001082602072,
  1024223468010,
  1064088497421,
  1081778851987,
  1111212404414,
  1121972490308,
  1139491897087,
  1151340700208,
  1186357829490,
  1186462098636,
  1197814318890,
  1197911693318,
  1209338456826,
  1232408046848,
  1232421458347,
  1238072685008,
  1249346362843,
  1463343745498,
  1469094652648,
  1481069343150,
  1550006005439,
  1550045550215,
  1550045572951,
  1625129164447,
  1625195937962,
  1630717629647,
  1630877183551,
  1630990684344,
  1654349246998,
  1654380974710,
  1654460745390,
  1735416288894,
  1804382386504,
  1810372296862,
  1810535491390,
  1816356736030,
  1827779898510,
  1884948458951,
  1885188146135,
  1885259740295,
  1885293780424,
  1908652365814,
  1960989383845,
  1961012613418,
  1961012624786,
  2001506392316,
  2128584081266,
  2134029290949,
  2134177382781,
  2134268978133,
  2163310196180,
  2163548866148,
  2163578597774,
  2163596281052,
  2174922305804,
  2175045242796,
  2175081841988,
  2215315743602,
  2255809522500,
  2331744763598,
  2348256503820,
  2365765703906,
  2389186096472,
  2412326962410,
  2412410017170,
  2412659429772,
  2429352266108,
  2469925161907,
  2481633732752,
  2539444194608,
  2562545126672,
  2562604940731,
  2574445928298,
  2574518826854,
  2585831462942,
  2770981111585,
  2771020633625,
  2776768648505,
  2782955756615,
  2782996036288,
  2788584197591,
  2788614977434,
  2788744055392,
  2926650440008,
  2938032650735,
  2938182762088,
  2938182784824,
  2950009025398,
  2961616235310,
  3024842520504,
  3042257208814,
  3180840080767,
  3204180672382,
  3204503367814,
  3210171661710,
  3256672391818,
  3268004944090,
  3268124977322,
  3297166182084,
  3308871418358,
  3308921445426,
  3343228777293,
  3343332138866,
  3354640794549,
  3389866187684,
  3395234662748,
  3511055269946,
  3516500519829,
  3516500531197,
  3516627035221,
  3516726440520,
  3551352890732,
  3551569315820,
  3551768723468,
  3615059095747,
  3627188122526,
  3638531181930,
  3736911853022,
  3760628508685,
  3777332733272,
  3800629869474,
  3800802799934,
  3824013616148,
  3847114928770,
  3847290825421,
  3858017856379,
  3905072779380,
  3997171616890,
  3997219395298,
  3997225180433,
  3997264747945,
  4003449343768,
  4009199848199,
  4009232616000,
  4078013344081,
  4233842540488,
  4257065738782,
  4257311974926,
  4262912234694,
  4268501310430,
  4268677848406,
  4314484455647,
  4314795759727,
  4326003029320,
  4349764184038,
  4401449635528,
  4401449658264,
  4406852011487,
  4407197650408,
  4424808220918,
  4430444079838,
  4430667711454,
  4430667734190,
  4488191067991,
  4511260290022,
  4511663154174,
  4558012796109,
  4563605190069,
  4569352886709,
  4616073668708,
  4644775886218,
  4656031496560,
  4656209131197,
  4656274853008,
  4685269676484,
  4685525323692,
  4731248573205,
  4737107446258,
  4737219613586,
  4771965366236,
  4777933067108,
  4818210761184,
  4893583319175,
  4916913828272,
  4934234103330,
  4963267102022,
  4992093190027,
  5003329993435,
  5015291616926,
  5026890615020,
  5044059118502,
  5044067342942,
  5061713203333,
  5067530889736,
  5067770572048,
  5148452047453,
  5148731998077,
  5165192305627,
  5188686592676,
  5212109214420,
  5212352569980,
  5292964443025,
  5379544694513,
  5396980657336,
  5397148739032,
  5403094545957,
  5403128279088,
  5454744679889,
  5454744702625,
  5466204430193,
  5466351867065,
  5466351889801,
  5478100004512,
  5478178130375,
  5478218029591,
  5478328264464,
  5489710452455,
  5489710475191,
  5535619463249,
  5535656073809,
  5541552197641,
  5558888477824,
  5576156688640,
  5576483693152,
  5801012576280,
  5801172089632,
  5882412338373,
  5882592181378,
  5923491741468,
  5923661359478,
  5968869002445,
  5981224318460,
  6004579648716,
  6004616247908,
  6004699313436,
  6039073671532,
  6044348228973,
  6085487781732,
  6085534179402,
  6213108144901,
  6293708251125,
  6293931261034,
  6299456270229,
  6299679287282,
  6334611744762,
  6374628525181,
  6374866877605,
  6386116005909,
  6455946296042,
  6461351968093,
  6461588395831,
  6467139567157,
  6472811718397,
  6594404227769,
  6594404250505,
  6599961019049,
  6600152265385,
  6617762835895,
  6623353281808,
  6680904772561,
  6773280454433,
  6785169179968,
  6785253849757,
  6791082307255,
  6842848197025,
  6866203498912,
  6877797285968,
  6877977123835,
  7015760615368,
  7015760638104,
  7027735301646,
  7033443775974,
  7114434930478,
  7166938979319,
  7167007635039,
  7172686998423,
  7189740454738,
  7207505025020,
  7230716828726,
  7230976386182,
  7270382347864,
  7270585855584,
  7288416418940,
  7311775010082,
  7357906304336,
  7392448020614,
  7415602616055,
  7444619362072,
  7456247482430,
  7456294248594,
  7485163760558,
  7519884417661,
  7560885567372,
  7560888817508,
  7560888828876,
  7600991958925,
  7601126635104,
  7676064060253,
  7676416223999,
  7681918351600,
  7687523810557,
  7693343756317,
  7734060867780,
  7734244592556,
  7734259993164,
  7762759761373,
  7803696224804,
  7814972261700,
  7815155975108,
  7895736506609,
  7918885206424,
  7930702951255,
  7988107650833,
  8011559745256,
  8017246005997,
  8017362686935,
  8069251179769,
  8149763982041,
  8150006925713,
  8150115139865,
  8179108951837,
  8179221740135,
  8254458381424,
  8323395066449,
  8329143085553,
  8335369734215,
  8335474004776,
  8335489761832,
  8341117749095,
  8537912190110,
  8577997935543,
  8578106150103,
  8618692116614,
  8619086775300,
  8641785912807,
  8642005598799,
  8665385170714,
  8665425047186,
  8665448245525,
  8665504789378,
  8665528396669,
  8699658817172,
  8699768327006,
  8728545679695,
  8728624508212,
  8728729130764,
  8746460016170,
  8746469527975,
  8780610088290,
  8815835131018,
  8815835142386,
  8827287705154,
  8827341027839,
  8868044307428,
  8896818778474,
  8914063165586,
  8914070039008,
  8948836702452,
  8954556944484,
  8954704043108,
  8954816864100,
  9029751972036,
  9070138249834,
  9070158555837,
  9070198100613,
  9070238339157,
  9070318092709,
  9075905845501,
  9110851726092,
  9116599733828,
  9202967533705,
  9214232736569,
  9214499855785,
  9237572333704,
  9283840023745,
  9307423562848,
  9318526870031,
  9318573677109,
  9393956770706,
  9399468347680,
  9399751569688,
  9549746326697,
  9561603696866,
  9630630358009,
  9642417674512,
  9642614771149,
  9775870097548,
  9786987178335,
  9798486473223,
  9798782704252,
  9822294966858,
  9844936208198,
  9845207572748,
  9856781491468,
  9879513943383,
  9879737925292,
  9925975767116,
  9926235370502,
  9972664863013,
  9990381022460,
  10001139475046,
  10006966954310,
  10030084944807,
  10030152235599,
  10053541605984,
  10053608289530,
  10071037424268,
  10071329032692,
  10088025135666,
  10117418856925,
  10123062870058,
  10128941044128,
  10163740047044,
  10215437592208,
  10215451009197,
  10215550706810,
  10290494009221,
  10290634337906,
  10290717007888,
  10296214297405,
  10296422217898,
  10336959139914,
  10336983661716,
  10337099078562,
  10337263220364,
  10417815589356,
  10504611328691,
  10585881740723,
  10585913756315,
  10626347328722,
  10632072880111,
  10632155550093,
  10632295878778,
  10678357472315,
  10707358816981,
  10747809776643,
  10793848843871,
  10799789053294,
  10805406996514,
  10805510998261,
  10805769966466,
  10834998860817,
  10869477835250,
  10892637652400,
  10892704943192,
  10950116140511,
  10956190577263,
  10973784425120,
  10973899523744,
  10996674182235,
  11008123776917,
  11141431396040,
  11280454669738,
  11292442780494,
  11361176039464,
  11361415744368,
  11373111185190,
  11373150707230,
  11378898749070,
  11522989051562,
  11523032171944,
  11528833117293,
  11546430633814,
  11603913442413,
  11604016797634,
  11627298200014,
  11627490113950,
  11714074657654,
  11714320570542,
  11806190154171,
  11811818502203,
  11812157847899,
  11812157859267,
  11846903623285,
  11852492136669,
  11852571890221,
  11852874648074,
  11933431606282,
  11933651292274,
  11933651297890,
  11973717776483,
  11973760949747,
  11974064661203,
  12008726722413,
  12020295021301,
  12020518019842,
  12025871381674,
  12066205330875,
  12066460966715,
  12095358945514,
  12095422423533,
  12095682055370,
  12170495835487,
  12170898676903,
  12222822792153,
  12257381518946,
  12257581329650,
  12303703112699,
  12304097771385,
  12344683737896,
  12373276696771,
  12384730910453,
  12396373409409,
  12407905731489,
  12431188818271,
  12442750859888,
  12442947399656,
  12581565869103,
  12581672116168,
  12581672138904,
  12668331506575,
  12680346431278,
  12680466521934,
  12743568147864,
  12749282754239,
  12749316162744,
  12749515973448,
  12767038181950,
  12905314368127,
  12922635611368,
  12934497517654,
  12992025142279,
  12992086959480,
  12992173211519,
  12992244828271,
  13015593631086,
  13027097186374,
  13119349959747,
  13148570376322,
  13188421684499,
  13200297964227,
  13205826290387,
  13229128938665,
  13240707710709,
  13240712005231,
  13280861459891,
  13321797929074,
  13321822806799,
  13362047495049,
  13362120756483,
  13402534367853,
  13437730068993,
  13478507289964,
  13506980935016,
  13547563308605,
  13564883583663,
  13588044688256,
  13611125054793,
  13611125060409,
  13652254110565,
  13652390443250,
  13691813501817,
  13692189090179,
  13697561520921,
  13715321467787,
  13738753942149,
  13739136851146,
  13750102889576,
  13755579176936,
  13808354957521,
  13889346134761,
  13895094126905,
  13901158349824,
  13901161615751,
  13901481476808,
  13907029272631,
  14045175325900,
  14056667794248,
  14056681250359,
  14056743988992,
  14068481940670,
  14131594102687,
  14131957072639,
  14143450530576,
  14149528744422,
  14166489628534,
  14166562549734,
  14241964926414,
  14299358785168,
  14299436606191,
  14420720824227,
  14461201492168,
  14467066606282,
  14536673870722,
  14547890275946,
  14547923010394,
  14548176764026,
  14582616833187,
  14623110612085,
  14623333617770,
  14628881826026,
  14668964948675,
  14709901423474,
  14744701834137,
  14750633573793,
  14773734506049,
  14780000121412,
  14785372121343,
  14825759347733,
  14837302106267,
  14854645899969,
  14912508986961,
  14918210239283,
  14941820561651,
  14999118377933,
  14999228549193,
  14999228554809,
  14999271692193,
  15040334401618,
  15040537080650,
  15109802662465,
  15115776643162,
  15121817609904,
  15127565629008,
  15196541858809,
  15289457019064,
  15346270229407,
  15352203657448,
  15358158630216,
  15375873869574,
  15386985705238,
  15433001895967,
  15433121238127,
  15433318697380,
  15444611734888,
  15444653537471,
  15468169468398,
  15519775136664,
  15520014358178,
  15525523128808,
  15543133699318,
  15548881714198,
  15606516523655,
  15606516546391,
  15733873443077,
  15757557680644,
  15774380983546,
  15791552478299,
  15791627992739,
  15815054555073,
  15820543334961,
  15838204877524,
  15838632885052,
  15861076684666,
  15895746263001,
  15919216324047,
  15919324534383,
  15930800307724,
  15930856856463,
  15935950632514,
  15948101558995,
  15959758239657,
  16063853861883,
  16063893738963,
  16104619003295,
  16104619026031,
  16144856809523,
  16150824521763,
  16185570285781,
  16191318289293,
  16191458617978,
  16266475135775,
  16266515012255,
  16266641578045,
  16266741288802,
  16278014001781,
  16306972504475,
  16312720519355,
  16364813057330,
  16364932717034,
  16497870172913,
  16497870195649,
  16497981667081,
  16515542550784,
  16515579580954,
  16515705715648,
  16515825398088,
  16521453734752,
  16573428550393,
  16584529931329,
  16596503608775,
  16596653720128,
  16607994128272,
  16654248675841,
  16660120300873,
  16665441325249,
  16665704838361,
  16832638757314,
  16832638768682,
  16832878031266,
  16844776543918,
  16844936092062,
  16913549737391,
  16913557271999,
  16913749507792,
  16919547571639,
  16919577379008,
  16925570492701,
  17035440450677,
  17035461050885,
  17035550631777,
  17041032556043,
  17064772031620,
  17064840370492,
  17075638988037,
  17121987088065,
  17121987093681,
  17145484627036,
  17162214667285,
  17162484477946,
  17162484483698,
  17185839780533,
  17185987544093,
  17202879790205,
  17203276105397,
  17214434724345,
  17226564045351,
  17243925238183,
  17318960350863,
  17371100901107,
  17406289356802,
  17411814377365,
  17411877856106,
  17411894533525,
  17412037375906,
  17451957356283,
  17544456676155,
  17544792106587,
  17574015800354,
  17613868442573,
  17613908308403,
  17614067850221,
  17625368070075,
  17654708749165,
  17654844783202,
  17712729728905,
  17718286520185,
  17718366245393,
  17718714165049,
  17741756558495,
  17741787009448,
  17741836329175,
  17741949829968,
  17822813790064,
  17822813812800,
  17880273081433,
  17880312993193,
  17909479689575,
  17909521286448,
  17909712872808,
  17984677466728,
  17984757214528,
  17984916756346,
  17996139447991,
  18134045832607,
  18139793828975,
  18139797784439,
  18140113276056,
  18220745461439,
  18220785006215,
  18336908397989,
  18348343959701,
  18388408726168,
  18406491518453,
  18417686094201,
  18441272231487,
  18493585379699,
  18533603791527,
  18557130800210,
  18591045124401,
  18596859479357,
  18596899386101,
  18620319753412,
  18643803538437,
  18707733115522,
  18718949901928,
  18719192865826,
  18719192877194,
  18759244283355,
  18765288188307,
  18805666202157,
  18840103993083,
  18840183741627,
  18921063798323,
  18921067071195,
  18921070331481,
  18926811817427,
  18926811828795,
  18967508249042,
  19014141450689,
  19048948658975,
  19106433151969,
  19106617826009,
  19135637810640,
  19135688142599,
  19187373599105,
  19268572112833,
  19274188633145,
  19291799226391,
  19291845619645,
  19292082045343,
  19297660723552,
  19297660746288,
  19453695212615,
  19453735492288,
  19453818506159,
  19453974788376,
  19527940461925,
  19643966800761,
  19684717202991,
  19713566207937,
  19724864093453,
  19725061919457,
  19736447454101,
  19748443709068,
  19759844616591,
  19771376938671,
  19771449187791,
  19771598976580,
  19783337867392,
  19800593106059,
  19817502006059,
  19817618409893,
  19864292397959,
  19881533214411,
  19881541110539,
  19898227074293,
  19898653712573,
  19921707285927,
  19922038506172,
  19945194014930,
  20009140920170,
  20054900135123,
  20055083871267,
  20188021366165,
  20188061231277,
  20188131226192,
  20228247358947,
  20321217474929,
  20332670721145,
  20338975808999,
  20344801036768,
  20350513113168,
  20413773315929,
  20413861311049,
  20425599579239,
  20494573234193,
  20512408799664,
  20662216617329,
  20680182274423,
  20835654742405
]